-1.54485459526,-1.81871220646 -1.54456483646,-1.81795710712 -1.54432776107,-1.81678537851 -1.54432776107,-1.81610836509 
none
-1.54432776107,-1.81610836509 -1.54432776107,-1.81487743161 
none
-1.54432776107,-1.81487743161 -1.54280885361,-1.81480890946 
none
-1.54280885361,-1.81480890946 -1.54128994615,-1.81474038732 
none
-1.54128994615,-1.81474038732 -1.54237488005,-1.81430260698 
none
-1.54237488005,-1.81430260698 -1.543733918,-1.81375422324 -1.54377293897,-1.81206594699 -1.54245699114,-1.81074999916 
none
-1.54245699114,-1.81074999916 -1.54145416833,-1.80974717635 
none
-1.54145416833,-1.80974717635 -1.53945877865,-1.81166134364 
none
-1.53945877865,-1.81166134364 -1.53746338897,-1.81357551092 
none
-1.53746338897,-1.81357551092 -1.53972865410,-1.81552839195 
none
-1.53972865410,-1.81552839195 -1.54097454992,-1.81660247651 -1.54232374554,-1.81748127297 -1.54272686659,-1.81748127297 
none
-1.54272686659,-1.81748127297 -1.54312998764,-1.81748127297 -1.54345981395,-1.81806713728 -1.54345981395,-1.81878319365 
none
-1.54345981395,-1.81878319365 -1.54345981395,-1.82008511434 
none
-1.54345981395,-1.82008511434 -1.54442062170,-1.82008511434 
none
-1.54442062170,-1.82008511434 -1.54538142945,-1.82008511434 
none
-1.54538142945,-1.82008511434 -1.54485459526,-1.81871220646 
none
-1.62631902083,-1.81757498566 -1.62684022901,-1.81593280411 
none
-1.62684022901,-1.81593280411 -1.62861179017,-1.81546953046 
none
-1.62861179017,-1.81546953046 -1.63038335133,-1.81500625681 
none
-1.63038335133,-1.81500625681 -1.62844387059,-1.81306677607 
none
-1.62844387059,-1.81306677607 -1.62650438986,-1.81112729533 
none
-1.62650438986,-1.81112729533 -1.62385203098,-1.81091864531 
none
-1.62385203098,-1.81091864531 -1.62119967209,-1.81070999529 
none
-1.62119967209,-1.81070999529 -1.61921749570,-1.80840557790 
none
-1.61921749570,-1.80840557790 -1.61723531930,-1.8061011605 
none
-1.61723531930,-1.8061011605 -1.61723531930,-1.8044136662 
none
-1.61723531930,-1.8044136662 -1.61723531930,-1.80272617190 
none
-1.61723531930,-1.80272617190 -1.61875422677,-1.80269142135 
none
-1.61875422677,-1.80269142135 -1.62027313423,-1.80265667081 
none
-1.62027313423,-1.80265667081 -1.61798919536,-1.80141570381 
none
-1.61798919536,-1.80141570381 -1.61673302897,-1.80073317196 -1.61550814562,-1.79966107412 -1.61526723233,-1.79903326418 
none
-1.61526723233,-1.79903326418 -1.61469481684,-1.79754157332 -1.61509031044,-1.79414912013 -1.61645938086,-1.78880728808 
none
-1.61645938086,-1.78880728808 -1.61756652822,-1.78448742610 
none
-1.61756652822,-1.78448742610 -1.61913681801,-1.78498581672 
none
-1.61913681801,-1.78498581672 -1.62070710779,-1.78548420733 
none
-1.62070710779,-1.78548420733 -1.62070710779,-1.78368982416 
none
-1.62070710779,-1.78368982416 -1.62070710779,-1.78189544098 
none
-1.62070710779,-1.78189544098 -1.61940518711,-1.78189544098 
none
-1.61940518711,-1.78189544098 -1.61810326642,-1.78189544098 
none
-1.61810326642,-1.78189544098 -1.61812397272,-1.78081050708 
none
-1.61812397272,-1.78081050708 -1.61813536118,-1.78021379343 -1.61850381400,-1.77817663096 -1.61894275675,-1.77628347937 
none
-1.61894275675,-1.77628347937 -1.61974083448,-1.77284138557 
none
-1.61974083448,-1.77284138557 -1.61881577491,-1.77172675698 
none
-1.61881577491,-1.77172675698 -1.61830699215,-1.77111371126 -1.61735267503,-1.77061212840 -1.61669507020,-1.77061212840 
none
-1.61669507020,-1.77061212840 -1.61549942506,-1.77061212840 
none
-1.61549942506,-1.77061212840 -1.61549942506,-1.77202032462 
none
-1.61549942506,-1.77202032462 -1.61549942506,-1.77342852084 
none
-1.61549942506,-1.77342852084 -1.61414170774,-1.77230171555 
none
-1.61414170774,-1.77230171555 -1.61278399042,-1.77117491025 
none
-1.61278399042,-1.77117491025 -1.61333517892,-1.7689406383 
none
-1.61333517892,-1.7689406383 -1.61363833259,-1.76771178873 -1.61427362998,-1.76631579014 -1.61474695090,-1.76583841923 
none
-1.61474695090,-1.76583841923 -1.61560753438,-1.76497047210 
none
-1.61560753438,-1.76497047210 -1.61646455523,-1.76648937957 
none
-1.61646455523,-1.76648937957 -1.61732157608,-1.76800828703 
none
-1.61732157608,-1.76800828703 -1.61975772197,-1.76800828703 
none
-1.61975772197,-1.76800828703 -1.62219386786,-1.76800828703 
none
-1.62219386786,-1.76800828703 -1.62221380407,-1.77039514162 
none
-1.62221380407,-1.77039514162 -1.62222476899,-1.77170791164 -1.62246127550,-1.77442806407 -1.62273937409,-1.77643992481 
none
-1.62273937409,-1.77643992481 -1.62324500788,-1.78009785342 
none
-1.62324500788,-1.78009785342 -1.62241003140,-1.78061389727 
none
-1.62241003140,-1.78061389727 -1.62195079433,-1.78089772139 -1.62157505491,-1.78149746669 -1.62157505491,-1.78194666461 
none
-1.62157505491,-1.78194666461 -1.62157505491,-1.78364004742 -1.62342852426,-1.78264422238 -1.62686229481,-1.77910595624 
none
-1.62686229481,-1.77910595624 -1.63041171176,-1.77544852439 
none
-1.63041171176,-1.77544852439 -1.63141805285,-1.77715307522 
none
-1.63141805285,-1.77715307522 -1.63197154044,-1.77809057818 -1.63242439393,-1.77963877846 -1.63242439393,-1.78059352030 
none
-1.63242439393,-1.78059352030 -1.63242439393,-1.78232941454 
none
-1.63242439393,-1.78232941454 -1.63437727496,-1.78318618985 
none
-1.63437727496,-1.78318618985 -1.63545135952,-1.78365741628 -1.63633015598,-1.78434092463 -1.63633015598,-1.78470509732 
none
-1.63633015598,-1.78470509732 -1.63633015598,-1.78506927000 -1.63711130839,-1.78536722947 -1.63806605023,-1.78536722947 
none
-1.63806605023,-1.78536722947 -1.63980194447,-1.78536722947 
none
-1.63980194447,-1.78536722947 -1.63980194447,-1.78620793624 
none
-1.63980194447,-1.78620793624 -1.63980194447,-1.78704864302 
none
-1.63980194447,-1.78704864302 -1.64100551420,-1.78658678998 
none
-1.64100551420,-1.78658678998 -1.64220908393,-1.78612493694 
none
-1.64220908393,-1.78612493694 -1.64410243130,-1.78878389813 
none
-1.64410243130,-1.78878389813 -1.64514377235,-1.79024632678 -1.64632155072,-1.79144285932 -1.64671971657,-1.79144285932 
none
-1.64671971657,-1.79144285932 -1.64711788241,-1.79144285932 -1.64785212126,-1.79027113070 -1.64835135845,-1.78883901795 
none
-1.64835135845,-1.78883901795 -1.64925906244,-1.78623517659 
none
-1.64925906244,-1.78623517659 -1.65050692094,-1.78623517659 
none
-1.65050692094,-1.78623517659 -1.65119324312,-1.78623517659 -1.65280352586,-1.78677927277 -1.65408532703,-1.78744427921 
none
-1.65408532703,-1.78744427921 -1.65641587461,-1.78865338182 
none
-1.65641587461,-1.78865338182 -1.65531335805,-1.78902088734 
none
-1.65531335805,-1.78902088734 -1.65421084149,-1.78938839286 
none
-1.65421084149,-1.78938839286 -1.65561557001,-1.78992743778 
none
-1.65561557001,-1.78992743778 -1.65702029854,-1.79046648269 
none
-1.65702029854,-1.79046648269 -1.65893826066,-1.78880304296 
none
-1.65893826066,-1.78880304296 -1.66085622278,-1.78713960324 
none
-1.66085622278,-1.78713960324 -1.65935098007,-1.78484231250 
none
-1.65935098007,-1.78484231250 -1.65784573737,-1.78254502176 
none
-1.65784573737,-1.78254502176 -1.65902221960,-1.78179954849 
none
-1.65902221960,-1.78179954849 -1.66019870183,-1.78105407521 
none
-1.66019870183,-1.78105407521 -1.65770557171,-1.78104078454 
none
-1.65770557171,-1.78104078454 -1.65521244158,-1.78102749386 
none
-1.65521244158,-1.78102749386 -1.65632939916,-1.77968164232 
none
-1.65632939916,-1.77968164232 -1.65744635673,-1.77833579078 
none
-1.65744635673,-1.77833579078 -1.65556772757,-1.77784451822 
none
-1.65556772757,-1.77784451822 -1.65453448154,-1.77757431831 -1.65368909842,-1.77699855580 -1.65368909842,-1.77656504596 
none
-1.65368909842,-1.77656504596 -1.65368909842,-1.77581749187 -1.65731043195,-1.77408391688 -1.65887202734,-1.77408391688 
none
-1.65887202734,-1.77408391688 -1.65960221452,-1.77408391688 
none
-1.65960221452,-1.77408391688 -1.65918915574,-1.77566345609 
none
-1.65918915574,-1.77566345609 -1.65877609695,-1.77724299531 
none
-1.65877609695,-1.77724299531 -1.66017527360,-1.77840420879 
none
-1.66017527360,-1.77840420879 -1.66157445025,-1.77956542227 
none
-1.66157445025,-1.77956542227 -1.66551054897,-1.77950591825 
none
-1.66551054897,-1.77950591825 -1.66767540327,-1.77947319104 -1.66965855720,-1.77923450473 -1.66991755771,-1.77897550422 
none
-1.66991755771,-1.77897550422 -1.67017655821,-1.77871650371 -1.67012859727,-1.77711936561 -1.66981097783,-1.77542630842 
none
-1.66981097783,-1.77542630842 -1.66923348793,-1.77234802264 
none
-1.66923348793,-1.77234802264 -1.66799813693,-1.77234802264 
none
-1.66799813693,-1.77234802264 -1.66676278593,-1.77234802264 
none
-1.66676278593,-1.77234802264 -1.66726237977,-1.77104610196 
none
-1.66726237977,-1.77104610196 -1.66776197361,-1.76974418127 
none
-1.66776197361,-1.76974418127 -1.66697318275,-1.76974418127 
none
-1.66697318275,-1.76974418127 -1.66618439188,-1.76974418127 
none
-1.66618439188,-1.76974418127 -1.66609828198,-1.76670636635 
none
-1.66609828198,-1.76670636635 -1.66601217207,-1.76366855142 
none
-1.66601217207,-1.76366855142 -1.66672188329,-1.76366855142 
none
-1.66672188329,-1.76366855142 -1.66711222446,-1.76366855142 -1.66759174865,-1.76414901383 -1.66778749259,-1.76473624566 
none
-1.66778749259,-1.76473624566 -1.66814339067,-1.76580393990 
none
-1.66814339067,-1.76580393990 -1.67023921469,-1.76486875690 
none
-1.67023921469,-1.76486875690 -1.67233503871,-1.76393357389 
none
-1.67233503871,-1.76393357389 -1.67496688866,-1.76541179550 
none
-1.67496688866,-1.76541179550 -1.67759873861,-1.76689001711 
none
-1.67759873861,-1.76689001711 -1.67962178835,-1.76614164230 
none
-1.67962178835,-1.76614164230 -1.68164483809,-1.76539326749 
none
-1.68164483809,-1.76539326749 -1.68114738899,-1.76409693590 
none
-1.68114738899,-1.76409693590 -1.68064993988,-1.7628006043 
none
-1.68064993988,-1.7628006043 -1.68217582211,-1.7628006043 
none
-1.68217582211,-1.7628006043 -1.68370170435,-1.7628006043 
none
-1.68370170435,-1.7628006043 -1.68366748923,-1.76509337710 
none
-1.68366748923,-1.76509337710 -1.68363327412,-1.76738614990 
none
-1.68363327412,-1.76738614990 -1.68504679646,-1.76760495191 
none
-1.68504679646,-1.76760495191 -1.68646031880,-1.76782375391 
none
-1.68646031880,-1.76782375391 -1.68607383175,-1.76634582515 
none
-1.68607383175,-1.76634582515 -1.68568734469,-1.76486789639 
none
-1.68568734469,-1.76486789639 -1.68795595065,-1.76383425035 
none
-1.68795595065,-1.76383425035 -1.68920368392,-1.76326574502 -1.69079204312,-1.7628006043 -1.69148563775,-1.7628006043 
none
-1.69148563775,-1.7628006043 -1.69217923238,-1.7628006043 -1.69274671890,-1.76244659369 -1.69274671890,-1.76201391405 
none
-1.69274671890,-1.76201391405 -1.69274671890,-1.76122722381 
none
-1.69274671890,-1.76122722381 -1.69448261314,-1.76168117035 
none
-1.69448261314,-1.76168117035 -1.69621850738,-1.76213511689 
none
-1.69621850738,-1.76213511689 -1.69621850738,-1.76333580772 
none
-1.69621850738,-1.76333580772 -1.69621850738,-1.76483257984 -1.69767367661,-1.76491771904 -1.69819698393,-1.76345156464 
none
-1.69819698393,-1.76345156464 -1.69858422408,-1.76236663074 
none
-1.69858422408,-1.76236663074 -1.70065616744,-1.76419970564 
none
-1.70065616744,-1.76419970564 -1.70179573629,-1.76520789684 -1.70358901207,-1.76624073611 -1.70464122473,-1.76649490402 
none
-1.70464122473,-1.76649490402 -1.70655433866,-1.76695702750 
none
-1.70655433866,-1.76695702750 -1.70789775262,-1.76490671864 
none
-1.70789775262,-1.76490671864 -1.70924116658,-1.76285640979 
none
-1.70924116658,-1.76285640979 -1.71057368794,-1.76336774621 
none
-1.71057368794,-1.76336774621 -1.71190620929,-1.76387908263 
none
-1.71190620929,-1.76387908263 -1.71368816836,-1.76226643183 
none
-1.71368816836,-1.76226643183 -1.71547012743,-1.76065378104 
none
-1.71547012743,-1.76065378104 -1.71668668135,-1.76231751765 
none
-1.71668668135,-1.76231751765 -1.71790323526,-1.76398125426 
none
-1.71790323526,-1.76398125426 -1.71652326440,-1.76550610490 
none
-1.71652326440,-1.76550610490 -1.71514329354,-1.76703095554 
none
-1.71514329354,-1.76703095554 -1.71571351599,-1.76795359484 
none
-1.71571351599,-1.76795359484 -1.71628373844,-1.76887623415 
none
-1.71628373844,-1.76887623415 -1.71840238262,-1.76887623415 
none
-1.71840238262,-1.76887623415 -1.72052102679,-1.76887623415 
none
-1.72052102679,-1.76887623415 -1.72049375166,-1.76952719449 
none
-1.72049375166,-1.76952719449 -1.72047875034,-1.76988522268 -1.71954551743,-1.77084730568 -1.71841990074,-1.77166515672 
none
-1.71841990074,-1.77166515672 -1.71637332495,-1.77315215861 
none
-1.71637332495,-1.77315215861 -1.71446172131,-1.77149423357 
none
-1.71446172131,-1.77149423357 -1.71255011767,-1.76983630852 
none
-1.71255011767,-1.76983630852 -1.71305422723,-1.76902064211 
none
-1.71305422723,-1.76902064211 -1.71355833679,-1.76820497570 
none
-1.71355833679,-1.76820497570 -1.71236733413,-1.76721653129 
none
-1.71236733413,-1.76721653129 -1.71117633148,-1.76622808688 
none
-1.71117633148,-1.76622808688 -1.71059375772,-1.76774624975 
none
-1.71059375772,-1.76774624975 -1.71001118396,-1.76926441262 
none
-1.71001118396,-1.76926441262 -1.71114335655,-1.77017259136 
none
-1.71114335655,-1.77017259136 -1.71176605147,-1.77067208966 -1.71272088521,-1.77187783009 -1.71326520930,-1.77285201453 
none
-1.71326520930,-1.77285201453 -1.71425488947,-1.77462325897 
none
-1.71425488947,-1.77462325897 -1.71174630184,-1.77425507649 
none
-1.71174630184,-1.77425507649 -1.70923771421,-1.77388689400 
none
-1.70923771421,-1.77388689400 -1.70923771421,-1.77567007605 
none
-1.70923771421,-1.77567007605 -1.70923771421,-1.77665082618 -1.70960130226,-1.77767796788 -1.71004568766,-1.77795261316 
none
-1.71004568766,-1.77795261316 -1.71085366111,-1.77845196822 
none
-1.71085366111,-1.77845196822 -1.71139883197,-1.77756986323 
none
-1.71139883197,-1.77756986323 -1.71169867595,-1.77708470549 -1.71226974113,-1.77668775825 -1.71266786570,-1.77668775825 
none
-1.71266786570,-1.77668775825 -1.71360134232,-1.77668775825 -1.71458477198,-1.77923184921 -1.71401048677,-1.78016106220 
none
-1.71401048677,-1.78016106220 -1.71356994478,-1.78087387411 
none
-1.71356994478,-1.78087387411 -1.71102696145,-1.77991400512 
none
-1.71102696145,-1.77991400512 -1.70848397811,-1.77895413612 
none
-1.70848397811,-1.77895413612 -1.70810252757,-1.77749546701 
none
-1.70810252757,-1.77749546701 -1.70772107703,-1.77603679791 
none
-1.70772107703,-1.77603679791 -1.70544158070,-1.77603679791 
none
-1.70544158070,-1.77603679791 -1.70316208436,-1.77603679791 
none
-1.70316208436,-1.77603679791 -1.70316208436,-1.77679625164 
none
-1.70316208436,-1.77679625164 -1.70316208436,-1.77755570537 
none
-1.70316208436,-1.77755570537 -1.70484675497,-1.77755570537 
none
-1.70484675497,-1.77755570537 -1.70577332381,-1.77755570537 -1.70676401039,-1.77793203550 -1.70704828072,-1.77839199455 
none
-1.70704828072,-1.77839199455 -1.70756513586,-1.77922828372 
none
-1.70756513586,-1.77922828372 -1.70564690048,-1.78114651910 
none
-1.70564690048,-1.78114651910 -1.70372866510,-1.78306475448 
none
-1.70372866510,-1.78306475448 -1.70509690522,-1.78253971148 
none
-1.70509690522,-1.78253971148 -1.70646514534,-1.78201466848 
none
-1.70646514534,-1.78201466848 -1.70796055701,-1.78310814019 
none
-1.70796055701,-1.78310814019 -1.70945596867,-1.78420161190 
none
-1.70945596867,-1.78420161190 -1.70717697364,-1.78599426965 
none
-1.70717697364,-1.78599426965 -1.70592352637,-1.78698023142 -1.70489797860,-1.78804669841 -1.70489797860,-1.78836419631 
none
-1.70489797860,-1.78836419631 -1.70489797860,-1.78894146521 
none
-1.70489797860,-1.78894146521 -1.70570595205,-1.78844211016 
none
-1.70570595205,-1.78844211016 -1.70651392550,-1.78794275510 
none
-1.70651392550,-1.78794275510 -1.70699378509,-1.78871918423 
none
-1.70699378509,-1.78871918423 -1.70747364468,-1.78949561335 
none
-1.70747364468,-1.78949561335 -1.70489338440,-1.79001166541 
none
-1.70489338440,-1.79001166541 -1.70347424125,-1.79029549404 -1.70162534372,-1.79031818676 -1.70078472322,-1.79006209367 
none
-1.70078472322,-1.79006209367 -1.69925632231,-1.78959646988 
none
-1.69925632231,-1.78959646988 -1.70186016367,-1.79113016457 
none
-1.70186016367,-1.79113016457 -1.70446400504,-1.79266385926 
none
-1.70446400504,-1.79266385926 -1.70294509758,-1.79298494791 
none
-1.70294509758,-1.79298494791 -1.70210969847,-1.79316154666 -1.70142619011,-1.79370655359 -1.70142619011,-1.79419607441 
none
-1.70142619011,-1.79419607441 -1.70142619011,-1.79508611227 
none
-1.70142619011,-1.79508611227 -1.70468099182,-1.79317475857 
none
-1.70468099182,-1.79317475857 -1.70647113276,-1.79212351404 -1.70824813346,-1.79071791782 -1.70862988226,-1.79005121141 
none
-1.70862988226,-1.79005121141 -1.70932397099,-1.78883901795 
none
-1.70932397099,-1.78883901795 -1.71162429983,-1.78883901795 
none
-1.71162429983,-1.78883901795 -1.71392462867,-1.78883901795 
none
-1.71392462867,-1.78883901795 -1.71288309212,-1.78779748141 
none
-1.71288309212,-1.78779748141 -1.71146378072,-1.78637817001 -1.71157397157,-1.78478768521 -1.71313306433,-1.78418940518 
none
-1.71313306433,-1.78418940518 -1.71442457309,-1.78369380677 
none
-1.71442457309,-1.78369380677 -1.71421799824,-1.78463901151 
none
-1.71421799824,-1.78463901151 -1.71410438206,-1.78515887411 -1.71444991360,-1.78574665366 -1.71498584609,-1.78594518828 
none
-1.71498584609,-1.78594518828 -1.71596026881,-1.78630616032 
none
-1.71596026881,-1.78630616032 -1.71660498243,-1.78431778743 
none
-1.71660498243,-1.78431778743 -1.71695957492,-1.78322418234 -1.71730223711,-1.78206903040 -1.71736645396,-1.78175078312 
none
-1.71736645396,-1.78175078312 -1.71743067081,-1.78143253585 -1.71776670537,-1.78088865821 -1.71811319742,-1.78054216616 
none
-1.71811319742,-1.78054216616 -1.71874318297,-1.77991218060 
none
-1.71874318297,-1.77991218060 -1.72006607844,-1.78101008633 
none
-1.72006607844,-1.78101008633 -1.72138897391,-1.78210799206 
none
-1.72138897391,-1.78210799206 -1.72144398987,-1.78048280905 
none
-1.72144398987,-1.78048280905 -1.72149900583,-1.77885762605 
none
-1.72149900583,-1.77885762605 -1.7222511134,-1.78072169240 
none
-1.7222511134,-1.78072169240 -1.72266477256,-1.78174692889 -1.72339417964,-1.78282738449 -1.72387201802,-1.78312270485 
none
-1.72387201802,-1.78312270485 -1.72474081506,-1.78365965095 
none
-1.72474081506,-1.78365965095 -1.72533272550,-1.78270191974 
none
-1.72533272550,-1.78270191974 -1.72592463593,-1.78174418854 
none
-1.72592463593,-1.78174418854 -1.72499934915,-1.78081890175 
none
-1.72499934915,-1.78081890175 -1.72407406236,-1.77989361497 
none
-1.72407406236,-1.77989361497 -1.72496822082,-1.7782228646 
none
-1.72496822082,-1.7782228646 -1.72586237928,-1.77655211423 
none
-1.72586237928,-1.77655211423 -1.72524106129,-1.77510102878 
none
-1.72524106129,-1.77510102878 -1.72428432013,-1.77286656398 -1.72419578478,-1.77058913361 -1.72504525148,-1.77006413431 
none
-1.72504525148,-1.77006413431 -1.72581300161,-1.76958963864 
none
-1.72581300161,-1.76958963864 -1.72479663290,-1.76836498927 
none
-1.72479663290,-1.76836498927 -1.72378026420,-1.76714033991 
none
-1.72378026420,-1.76714033991 -1.72475448686,-1.76714033991 
none
-1.72475448686,-1.76714033991 -1.72660657915,-1.76714033991 -1.72572104617,-1.76559070716 -1.72355884172,-1.76504802839 
none
-1.72355884172,-1.76504802839 -1.72138897391,-1.76450342624 
none
-1.72138897391,-1.76450342624 -1.72138897391,-1.76362972626 
none
-1.72138897391,-1.76362972626 -1.72138897391,-1.76275602628 
none
-1.72138897391,-1.76275602628 -1.72377582850,-1.76392697033 
none
-1.72377582850,-1.76392697033 -1.72616268308,-1.76509791439 
none
-1.72616268308,-1.76509791439 -1.72760702398,-1.76476792518 
none
-1.72760702398,-1.76476792518 -1.72905136488,-1.76443793597 
none
-1.72905136488,-1.76443793597 -1.72980322488,-1.76125874865 
none
-1.72980322488,-1.76125874865 -1.73055508489,-1.75807956133 
none
-1.73055508489,-1.75807956133 -1.73370652936,-1.75733426235 
none
-1.73370652936,-1.75733426235 -1.73685797384,-1.75658896337 
none
-1.73685797384,-1.75658896337 -1.73741930416,-1.75435244523 
none
-1.73741930416,-1.75435244523 -1.73798063448,-1.75211592709 
none
-1.73798063448,-1.75211592709 -1.73684536795,-1.75140710457 
none
-1.73684536795,-1.75140710457 -1.73571010142,-1.75069828205 
none
-1.73571010142,-1.75069828205 -1.73766298245,-1.74932267659 
none
-1.73766298245,-1.74932267659 -1.73873706701,-1.74856609359 -1.73961586347,-1.74754760882 -1.73961586347,-1.74705937709 
none
-1.73961586347,-1.74705937709 -1.73961586347,-1.74617168305 
none
-1.73961586347,-1.74617168305 -1.73700685323,-1.74674471782 
none
-1.73700685323,-1.74674471782 -1.73439784298,-1.74731775260 
none
-1.73439784298,-1.74731775260 -1.73519212021,-1.74522864519 
none
-1.73519212021,-1.74522864519 -1.73598639743,-1.74313953777 
none
-1.73598639743,-1.74313953777 -1.73453106923,-1.74324675476 
none
-1.73453106923,-1.74324675476 -1.73373063872,-1.7433057241 -1.73249674351,-1.74372007716 -1.73178907986,-1.74416753935 
none
-1.73178907986,-1.74416753935 -1.73108141622,-1.74461500153 -1.73011184249,-1.74498809740 -1.72963447157,-1.74499664128 
none
-1.72963447157,-1.74499664128 -1.72876652445,-1.74501217562 
none
-1.72876652445,-1.74501217562 -1.72876120558,-1.74674582620 
none
-1.72876120558,-1.74674582620 -1.72875588671,-1.74847947679 
none
-1.72875588671,-1.74847947679 -1.72694861200,-1.74847947679 
none
-1.72694861200,-1.74847947679 -1.72514133729,-1.74847947679 
none
-1.72514133729,-1.74847947679 -1.72353662273,-1.74978139747 
none
-1.72353662273,-1.74978139747 -1.72193190816,-1.75108331816 
none
-1.72193190816,-1.75108331816 -1.72252838816,-1.74949342350 
none
-1.72252838816,-1.74949342350 -1.72285645216,-1.74861898143 -1.72312486816,-1.74734960877 -1.72312486816,-1.74667259535 
none
-1.72312486816,-1.74667259535 -1.72312486816,-1.74544166186 
none
-1.72312486816,-1.74544166186 -1.72470728696,-1.74544166186 
none
-1.72470728696,-1.74544166186 -1.72628970577,-1.74544166186 
none
-1.72628970577,-1.74544166186 -1.72990579550,-1.74088493948 
none
-1.72990579550,-1.74088493948 -1.73189464485,-1.73837874216 -1.73396227920,-1.73580757097 -1.73450053849,-1.73517122571 
none
-1.73450053849,-1.73517122571 -1.73547919176,-1.73401423433 
none
-1.73547919176,-1.73401423433 -1.73450971269,-1.73304475526 
none
-1.73450971269,-1.73304475526 -1.7339764992,-1.73251154177 -1.73354023362,-1.731345919 -1.73354023362,-1.73045448244 
none
-1.73354023362,-1.73045448244 -1.73354023362,-1.72883368868 
none
-1.73354023362,-1.72883368868 -1.73180433938,-1.72938464011 
none
-1.73180433938,-1.72938464011 -1.73006844513,-1.72993559154 
none
-1.73006844513,-1.72993559154 -1.73006844513,-1.72905822581 
none
-1.73006844513,-1.72905822581 -1.73006844513,-1.72857567465 -1.73124017375,-1.72748870295 -1.73267228650,-1.72664273314 
none
-1.73267228650,-1.72664273314 -1.73527612786,-1.7251046062 
none
-1.73527612786,-1.7251046062 -1.73527612786,-1.72398982145 
none
-1.73527612786,-1.72398982145 -1.73527612786,-1.72287503670 
none
-1.73527612786,-1.72287503670 -1.73744599567,-1.72287503670 
none
-1.73744599567,-1.72287503670 -1.73961586347,-1.72287503670 
none
-1.73961586347,-1.72287503670 -1.73961586347,-1.72200708958 
none
-1.73961586347,-1.72200708958 -1.73961586347,-1.72113914246 
none
-1.73961586347,-1.72113914246 -1.74091778415,-1.72113914246 
none
-1.74091778415,-1.72113914246 -1.74221970484,-1.72113914246 
none
-1.74221970484,-1.72113914246 -1.74221970484,-1.71984886964 
none
-1.74221970484,-1.71984886964 -1.74221970484,-1.71855859683 
none
-1.74221970484,-1.71855859683 -1.73896490313,-1.71715054953 
none
-1.73896490313,-1.71715054953 -1.73571010142,-1.71574250223 
none
-1.73571010142,-1.71574250223 -1.73918188991,-1.71455986201 
none
-1.73918188991,-1.71455986201 -1.74109137358,-1.71390940989 -1.74333718676,-1.71312521948 -1.74417258586,-1.71281721666 
none
-1.74417258586,-1.71281721666 -1.74569149332,-1.71225721152 
none
-1.74569149332,-1.71225721152 -1.74569149332,-1.71105652070 
none
-1.74569149332,-1.71105652070 -1.74569149332,-1.71039614074 -1.74534458380,-1.70985582987 -1.74492058328,-1.70985582987 
none
-1.74492058328,-1.70985582987 -1.74449658275,-1.70985582987 -1.74236685934,-1.70809823695 -1.74018786459,-1.70595006782 
none
-1.74018786459,-1.70595006782 -1.73622605595,-1.70204430578 
none
-1.73622605595,-1.70204430578 -1.73437684230,-1.70204430578 
none
-1.73437684230,-1.70204430578 -1.73252762864,-1.70204430578 
none
-1.73252762864,-1.70204430578 -1.73290798483,-1.70095937187 
none
-1.73290798483,-1.70095937187 -1.73328834103,-1.69987443797 
none
-1.73328834103,-1.69987443797 -1.73569493770,-1.70014164271 
none
-1.73569493770,-1.70014164271 -1.73810153438,-1.70040884744 
none
-1.73810153438,-1.70040884744 -1.73767713809,-1.69818876168 
none
-1.73767713809,-1.69818876168 -1.73744372014,-1.69696771452 -1.73741954503,-1.69596867592 -1.73762341562,-1.69596867592 
none
-1.73762341562,-1.69596867592 -1.73865634947,-1.69596867592 -1.74135175771,-1.69787320258 -1.74135175771,-1.69860305493 
none
-1.74135175771,-1.69860305493 -1.74135175771,-1.69944046441 
none
-1.74135175771,-1.69944046441 -1.73999861340,-1.69944046441 
none
-1.73999861340,-1.69944046441 -1.73864546909,-1.69944046441 
none
-1.73864546909,-1.69944046441 -1.73918188991,-1.70030841153 
none
-1.73918188991,-1.70030841153 -1.73947692136,-1.70078578245 -1.74044932977,-1.70117635865 -1.74134279747,-1.70117635865 
none
-1.74134279747,-1.70117635865 -1.74223626518,-1.70117635865 -1.7443569438,-1.70205515512 -1.74605541662,-1.70312923968 
none
-1.74605541662,-1.70312923968 -1.74914354903,-1.70508212070 
none
-1.74914354903,-1.70508212070 -1.74972468768,-1.70725198851 
none
-1.74972468768,-1.70725198851 -1.75004431394,-1.70844541580 -1.75087266960,-1.71029736112 -1.75156547803,-1.71136742255 
none
-1.75156547803,-1.71136742255 -1.75282512972,-1.71331298879 
none
-1.75282512972,-1.71331298879 -1.75489996781,-1.71279223758 
none
-1.75489996781,-1.71279223758 -1.75697480591,-1.71227148636 
none
-1.75697480591,-1.71227148636 -1.75697480591,-1.71333470873 
none
-1.75697480591,-1.71333470873 -1.75697480591,-1.71439793109 
none
-1.75697480591,-1.71439793109 -1.75892768693,-1.71397438932 
none
-1.75892768693,-1.71397438932 -1.76000177149,-1.71374144134 -1.76161167084,-1.71324528186 -1.76250524103,-1.71287181269 
none
-1.76250524103,-1.71287181269 -1.76412991411,-1.71219277784 
none
-1.76412991411,-1.71219277784 -1.76252933450,-1.71406211878 
none
-1.76252933450,-1.71406211878 -1.76164901571,-1.71509025630 -1.76046685844,-1.71593145972 -1.75990231835,-1.71593145972 
none
-1.75990231835,-1.71593145972 -1.75887588181,-1.71593145972 
none
-1.75887588181,-1.71593145972 -1.75932410669,-1.71927322577 
none
-1.75932410669,-1.71927322577 -1.75977233158,-1.72261499181 
none
-1.75977233158,-1.72261499181 -1.75822597399,-1.72320838489 
none
-1.75822597399,-1.72320838489 -1.75667961639,-1.72380177798 
none
-1.75667961639,-1.72380177798 -1.75614519639,-1.72293706825 
none
-1.75614519639,-1.72293706825 -1.75561077639,-1.72207235852 
none
-1.75561077639,-1.72207235852 -1.75376919503,-1.72255394286 
none
-1.75376919503,-1.72255394286 -1.75192761368,-1.72303552720 
none
-1.75192761368,-1.72303552720 -1.75151379197,-1.72461798387 
none
-1.75151379197,-1.72461798387 -1.75109997025,-1.72620044053 
none
-1.75109997025,-1.72620044053 -1.75204110970,-1.72714157998 
none
-1.75204110970,-1.72714157998 -1.75298224915,-1.72808271943 
none
-1.75298224915,-1.72808271943 -1.75150673904,-1.72808271943 
none
-1.75150673904,-1.72808271943 -1.75003122893,-1.72808271943 
none
-1.75003122893,-1.72808271943 -1.75003122893,-1.72890753816 
none
-1.75003122893,-1.72890753816 -1.75003122893,-1.72936118846 -1.75066724956,-1.73008829193 -1.75144460810,-1.73052332364 
none
-1.75144460810,-1.73052332364 -1.75285798727,-1.73131429039 
none
-1.75285798727,-1.73131429039 -1.75203333637,-1.73182395268 
none
-1.75203333637,-1.73182395268 -1.75120868546,-1.73233361496 
none
-1.75120868546,-1.73233361496 -1.74872771604,-1.73104647256 
none
-1.74872771604,-1.73104647256 -1.74624674663,-1.72975933015 
none
-1.74624674663,-1.72975933015 -1.74488418607,-1.73114800781 
none
-1.74488418607,-1.73114800781 -1.74352162552,-1.73253668547 
none
-1.74352162552,-1.73253668547 -1.74584784954,-1.73196672156 
none
-1.74584784954,-1.73196672156 -1.74817407356,-1.73139675765 
none
-1.74817407356,-1.73139675765 -1.74766771507,-1.73333307550 
none
-1.74766771507,-1.73333307550 -1.74716135657,-1.73526939335 
none
-1.74716135657,-1.73526939335 -1.75029281499,-1.73468192821 
none
-1.75029281499,-1.73468192821 -1.75342427341,-1.73409446307 
none
-1.75342427341,-1.73409446307 -1.75514597687,-1.73516968467 
none
-1.75514597687,-1.73516968467 -1.75686768033,-1.73624490628 
none
-1.75686768033,-1.73624490628 -1.75910864888,-1.73504557631 
none
-1.75910864888,-1.73504557631 -1.76134961742,-1.73384624634 
none
-1.76134961742,-1.73384624634 -1.76237361602,-1.73487024493 
none
-1.76237361602,-1.73487024493 -1.76339761461,-1.73589424353 
none
-1.76339761461,-1.73589424353 -1.76148813094,-1.73589424353 
none
-1.76148813094,-1.73589424353 -1.75957864727,-1.73589424353 
none
-1.75957864727,-1.73589424353 -1.75957864727,-1.73763013777 
none
-1.75957864727,-1.73763013777 -1.75957864727,-1.73936603201 
none
-1.75957864727,-1.73936603201 -1.75871070015,-1.73936603201 
none
-1.75871070015,-1.73936603201 -1.75823332923,-1.73936603201 -1.75783970577,-1.73907309986 -1.75783598133,-1.73871507167 
none
-1.75783598133,-1.73871507167 -1.75782787278,-1.73793559961 -1.75362483832,-1.73589424353 -1.75202805886,-1.73589424353 
none
-1.75202805886,-1.73589424353 -1.75089917605,-1.73589424353 
none
-1.75089917605,-1.73589424353 -1.75089917605,-1.73719616421 
none
-1.75089917605,-1.73719616421 -1.75089917605,-1.73918578465 -1.74988147297,-1.73876961389 -1.74727293993,-1.73571328236 
none
-1.74727293993,-1.73571328236 -1.74489615282,-1.73292847983 
none
-1.74489615282,-1.73292847983 -1.74436074935,-1.7334638833 
none
-1.74436074935,-1.7334638833 -1.74406627745,-1.73375835521 -1.74374602569,-1.73452329609 -1.74364907878,-1.73516375193 
none
-1.74364907878,-1.73516375193 -1.74355213187,-1.73580420776 -1.74314082385,-1.73686010509 -1.74273506095,-1.73751019043 
none
-1.74273506095,-1.73751019043 -1.74199731023,-1.73869216377 
none
-1.74199731023,-1.73869216377 -1.74316433183,-1.73941342278 
none
-1.74316433183,-1.73941342278 -1.74433135343,-1.74013468180 
none
-1.74433135343,-1.74013468180 -1.74522841016,-1.73941634052 
none
-1.74522841016,-1.73941634052 -1.74612546688,-1.73869799925 
none
-1.74612546688,-1.73869799925 -1.74807834791,-1.73943802029 
none
-1.74807834791,-1.73943802029 -1.75003122893,-1.74017804132 
none
-1.75003122893,-1.74017804132 -1.75003122893,-1.74150793091 
none
-1.75003122893,-1.74150793091 -1.75003122893,-1.74283782050 
none
-1.75003122893,-1.74283782050 -1.75143166106,-1.74283782050 
none
-1.75143166106,-1.74283782050 -1.75283209318,-1.74283782050 
none
-1.75283209318,-1.74283782050 -1.75244993041,-1.74023397913 
none
-1.75244993041,-1.74023397913 -1.75206776765,-1.73763013777 
none
-1.75206776765,-1.73763013777 -1.75283054272,-1.73763013777 
none
-1.75283054272,-1.73763013777 -1.75325006901,-1.73763013777 -1.75402266408,-1.73886176136 -1.75454742067,-1.74036707908 
none
-1.75454742067,-1.74036707908 -1.75550152355,-1.74310402040 
none
-1.75550152355,-1.74310402040 -1.75655083625,-1.74166899977 
none
-1.75655083625,-1.74166899977 -1.75760014896,-1.74023397913 
none
-1.75760014896,-1.74023397913 -1.75911623230,-1.74023397913 
none
-1.75911623230,-1.74023397913 -1.76063231564,-1.74023397913 
none
-1.76063231564,-1.74023397913 -1.76010558100,-1.74160662761 
none
-1.76010558100,-1.74160662761 -1.75957884636,-1.74297927609 
none
-1.75957884636,-1.74297927609 -1.76239957496,-1.74131696900 
none
-1.76239957496,-1.74131696900 -1.76522030356,-1.73965466192 
none
-1.76522030356,-1.73965466192 -1.76673921103,-1.74000796202 
none
-1.76673921103,-1.74000796202 -1.76825811849,-1.74036126213 
none
-1.76825811849,-1.74036126213 -1.76825811849,-1.73899569995 
none
-1.76825811849,-1.73899